0.043332
0.103467
0.044453
0.120994
0.986097
0.036574
0.984713
0.117036
0.952615
0.981903
0.112694
0.058784
0.000708
0.029227
0.034020
0.050483
0.181899
0.019357
0.002456
0.172061
0.709278
0.086227
0.003858
0.984301
0.919270
0.437627
0.506661
0.005570
0.001474
0.108102
0.685200
0.032798
0.930157
0.971939
0.161691
0.324883
0.011811
0.273206
0.013197
0.653461
0.979063
0.977748
0.196152
0.000995
0.010312
0.125981
0.700196
0.980345
0.826938
0.000768
0.006048
0.001791
0.327723
0.595235
0.688676
0.004435
0.705356
0.017748
0.985021
0.215109
0.005533
0.078754
0.984604
0.018803
0.984178
0.004945
0.078091
0.012014
0.976281
0.648632
0.001132
0.976088
0.050861
0.985916
0.008151
0.984769
0.003873
0.224514
0.167309
0.942394
0.968550
0.000398
0.875824
0.070578
0.000389
0.010130
0.985430
0.979795
0.969414
0.983156
0.029839
0.979366
0.062441
0.986325
0.002881
0.120711
0.001923
0.032353
0.985609
0.007082
0.714399
0.982522
0.375245
0.666650
0.463649
0.007348
0.005053
0.461356
0.970842
0.979525
0.049350
0.789682
0.982743
0.100220
0.137616
0.000542
0.010309
0.915628
0.029233
0.056122
0.214492
0.985128
0.985904
0.001088
0.325265
0.001386
0.964021
0.980333
0.985927
0.127317
0.042094
0.883083
0.869563
0.984396
0.181326
0.111127
0.981572
0.003236
0.881866
0.922543
0.008751
0.983906
0.181431
0.978991
0.947195
0.831675
0.292471
0.701918
0.022110
0.091131
0.983515
0.262424
0.003358
0.983806
0.675780
0.856013
0.974172
0.029615
0.973871
0.954488
0.007994
0.482182
0.767629
0.646585
0.047741
0.983540
0.237661
0.000597
0.978133
0.975050
0.452343
0.270640
0.985306
0.026008
0.009366
0.080843
0.682406
0.191745
0.038887
0.784440
0.003503
0.983681
0.885762
0.007886
0.976136
0.927950
0.413882
0.849821
0.010186
0.060902
0.985663
0.968920
0.005352
0.755431
0.243361
0.032712
0.982308
0.847863
0.007999
0.983453
0.003267
0.006077
0.012252
0.003434
0.976451
0.000709
0.984357
0.946757
0.008825
0.064365
0.001617
0.960065
0.070982
0.016391
0.976842
0.005178
0.001235
0.978573
0.985825
0.007124
0.878286
0.975831
0.429682
0.983992
0.802281
0.002173
0.000486
0.001676
0.001640
0.357178
0.770785
0.271191
0.886190
0.395567
0.003601
0.029692
0.950659
0.979853
0.984042
0.727821
0.000562
0.003392
0.984382
0.000651
0.973008
0.226998
0.000857
0.003402
0.012006
0.727142
0.007583
0.355370
0.261898
0.308171
0.043796
0.024166
0.983354
0.019295
0.000803
0.054914
0.083465
0.977351
0.047250
0.052514
0.937416
0.097262
0.000709
0.557157
0.959278
0.982404
0.330211
0.000512
0.000291
0.003488
0.057252
0.977870
0.984736
0.096019
0.982174
0.050048
0.202377
0.947986
0.042023
0.079528
0.084405
0.111919
0.003999
0.000611
0.977309
0.986061
0.984192
0.164759
0.553753
0.904499
0.985458
0.001320
0.333964
0.953222
0.982920
0.832852
0.117948
0.980734
0.983402
0.982001
0.001190
0.974319
0.982616
0.534362
0.062966
0.958109
0.001398
0.068310
0.003628
0.732802
0.985247
0.012231
0.320295
0.984189
0.572169
0.007894
0.960272
0.942720
0.985247
0.916296
0.646689
0.000790
0.072975
0.976500
0.871713
0.027629
0.212836
0.009185
0.836080
0.007484
0.026038
0.009906
0.852103
0.002595
0.803879
0.062263
0.806187
0.985932
0.986130
0.012246
0.078521
0.985548
0.437138
0.973749
0.047932
0.016472
0.986161
0.216205
0.984311
0.000877
0.000762
0.227383
0.976410
0.985881
0.015558
0.980943
0.000829
0.120286
0.034595
0.040497
0.957286
0.005623
0.248908
0.984929
0.981163
0.004772
0.006600
0.984614
0.012152
0.008686
0.025745
0.944700
0.276398
0.023743
0.231288
0.003446
0.001909
0.004536
0.667448
0.180754
0.090868
0.463675
0.597908
0.982968
0.194183
0.986959
0.857098
0.431280
0.986429
0.002527
0.003959
0.984949
0.933828
0.009349
0.055595
0.001791
0.006793
0.962726
0.020388
0.036429
0.154414
0.982334
0.045477
0.119986
0.984494
0.975570
0.985796
0.002403
0.055199
0.391291
0.981294
0.983645
0.000841
0.984006
0.082378
0.027790
0.901237
0.004671
0.000664
0.931533
0.365268
0.713981
0.482904
0.944530
0.170414
0.983602
0.087811
0.133254
0.556148
0.003392
0.001351
0.983917
0.008618
0.313270
0.981787
0.213503
0.009287
0.001611
0.981662
0.985873
0.853724
0.909114
0.032235
0.081186
0.157472
0.005401
0.628391
0.062244
0.078479
0.949021
0.017423
0.986677
0.983612
0.004688
0.029698
0.262388
0.019691
0.000276
0.270722
0.956127
0.973899
0.457687
0.796327
0.142139
0.020097
0.033027
0.006757
0.982328
0.038855
0.294820
0.008273
0.976694
0.066336
0.191371
0.009265
0.014495
0.030873
0.955055
0.306426
0.020396
0.495312
0.064395
0.984283
0.983455
0.011102
0.134556
0.002876
0.001933
0.027475
0.004685
0.001984
0.931690
0.004641
0.959571
0.972616
0.780928
0.135882
0.030294
0.972087
0.083936
0.001821
0.013276
0.954025
0.852383
0.985864
0.529327
0.983161
0.001854
0.982060
0.877425
0.969094
0.194094
0.981843
0.028558
0.002571
0.038824
0.986226
0.122911
0.017964
0.097006
0.859935
0.966997
0.002334
0.965998
0.032677
0.986532
0.036511
0.980563
0.004939
0.302114
0.292362
0.982551
0.554858
0.027426
0.058717
0.065984
0.000873
0.848175
0.753742
0.918256
0.980427
0.002536
0.001308
0.983172
0.463785
0.982438
0.969565
0.001606
0.984597
0.977427
0.023464
0.082087
0.002743
0.009890
0.984901
0.966946
0.005590
0.981456
0.006170
0.007740
0.031584
0.025012
0.195842
0.550931
0.614785
0.014299
0.966926
0.007419
0.064363
0.938069
0.261633
0.675128
0.986017
0.002910
0.946599
0.037766
0.101278
0.943681
0.946698
0.883255
0.707344
0.767653
0.952300
0.979640
0.209370
0.985419
0.504174
0.001588
0.985922
0.000964
0.009884
0.980531
0.084479
0.443293
0.965289
0.982117
0.006867
0.059643
0.985286
0.053114
0.002924
0.754543
0.985597
0.001934
0.083769
0.925993
0.980901
0.001362
0.970487
0.016970
0.007721
0.050057
0.985802
0.876262
0.209364
0.625651
0.954107
0.004358
0.985800
0.983759
0.982965
0.005408
0.983661
0.002060
0.986022
0.904819
0.004377
0.419882
0.194670
0.003808
0.010212
0.965933
0.760457
0.578132
0.740345
0.226214
0.000990
0.054083
0.985682
0.966923
0.959877
0.089965
0.986039
0.985517
0.980439
0.117953
0.299267
0.946041
0.026596
0.005107
0.981433
0.041802
0.050811
0.984622
0.929790
0.001108
0.981122
0.465320
0.985522
0.014295
0.134920
0.941737
0.011655
0.069883
0.027369
0.000318
0.382158
0.984350
0.039923
0.710168
0.983379
0.979119
0.891764
0.001336
0.529924
0.985208
0.045384
0.001315
0.202882
0.001130
0.201846
0.944887
0.013748
0.974888
0.981385
0.014334
0.156326
0.134012
0.079410
0.003616
0.024236
0.967359
0.986537
0.209566
0.026938
0.057955
0.568899
0.135391
0.965246
0.010653
0.010444
0.968450
0.001652
0.916912
0.421827
0.978328
0.284439
0.106747
0.015209
0.984447
0.941155
0.938232
0.002233
0.959945
0.002496
0.197664
0.302902
0.003852
0.001232
0.146173
0.060048
0.236496
0.968459
0.000851
0.005255
0.986370
0.008843
0.985847
0.001305
0.985643
0.358728
0.984086
0.024267
0.978589
0.974873
0.030707
0.310122
0.981877
0.006209
0.947647
0.013665
0.001009
0.368126
0.950544
0.005267
0.001584
0.006603
0.419360
0.020664
0.057346
0.011509
0.138960
0.024262
0.068219
0.192021
0.913518
0.778085
0.644641
0.986488
0.940307
0.657275
0.925057
0.939207
0.978008
0.969105
0.004816
0.971096
0.009584
0.101714
0.098432
0.026029
0.035915
0.036784
0.826604
0.682868
0.985081
0.925679
0.006128
0.981988
0.167071
0.981717
0.983359
0.006005
0.986390
0.979834
0.006094
0.745387
0.982203
0.981783
0.925925
0.082887
0.985361
0.005161
0.662296
0.090229
0.006449
0.039153
0.977040
0.981671
0.966015
0.366404
0.003195
0.355833
0.763150
0.982076
0.984843
0.614925
0.097011
0.984600
0.624148
0.877430
0.979322
0.009146
0.369562
0.982934
0.007287
0.015600
0.007489
0.117259
0.172257
0.952998
0.947766
0.366795
0.808506
0.002909
0.466184
0.006170
0.980581
0.104145
0.300200
0.938605
0.173633
0.048588
0.000911
0.005545
0.044211
0.984472
0.000778
0.943551
0.928924
0.985317
0.353320
0.318832
0.002442
0.518387
0.020271
0.960382
0.001248
0.022978
0.023857
0.039415
0.983803
0.002206
0.020492
0.982349
0.981508
0.011739
0.980027
0.047329
0.857650
0.000505
0.983885
0.214051
0.023192
0.517054
0.630165
0.302844
0.000898
0.051505
0.337682
0.069477
0.043244
0.983515
0.958862
0.049604
0.516867
0.013244
0.881809
0.506880
0.976200
0.121140
0.743241
0.906714
0.132825
0.042505
0.047043
0.115634
0.486686
0.003200
0.231358
0.003084
0.983836
0.982245
0.270541
0.086156
0.981237
0.001262
0.009782
0.188241
0.964745
0.001797
0.983463
0.975224
0.080995
0.926806
0.003558
0.044821
0.002283
0.007393
0.008266
0.005907
0.000988
0.178946
0.984572
0.968967
0.004237
0.917386
0.440674
0.008655
0.983924
0.985990
0.021163
0.985854
0.003778
0.054255
0.002356
0.866593
0.005686
0.173887
0.685685
0.969783
0.984546
0.003572
0.983008
0.983242
0.920709
0.980533
0.335515
0.005340
0.826221
0.542507
0.022168
0.940743
0.494398
0.980553
0.001877
0.018644
0.917436
0.952765
0.268040
0.434548
0.984688
0.005968
0.206809
0.451057
0.221574
0.646671
0.034357
0.282239
0.002289
0.002430
0.961202
0.006205
0.001419
0.985324
0.895020
0.964780
0.938853
0.025585
0.206279
0.315972
0.980340
0.973637
0.634622
0.828010
0.978589
0.001041
0.956182
0.014345
0.076244
0.979541
0.377343
0.773472
0.000466
0.641991
0.982299
0.929157
0.002520
0.686267
0.041232
0.986807
0.104753
0.050448
0.351525
0.835676
0.986250
