0.477675
0.799558
0.371446
0.272076
0.007703
0.877885
0.977452
0.112808
0.001189
0.012790
0.004494
0.525544
0.974719
0.238496
0.983311
0.960122
0.796073
0.925665
0.979702
0.878346
0.979039
0.356522
0.370112
0.007433
0.024710
0.000924
0.369701
0.011046
0.711061
0.320528
0.804136
0.830869
0.855167
0.001641
0.006163
0.960348
0.060461
0.021593
0.367623
0.002107
0.095489
0.004809
0.000378
0.004263
0.272506
0.961012
0.325558
0.957485
0.943457
0.739625
0.001664
0.831847
0.280928
0.983285
0.373887
0.006224
0.011611
0.476171
0.555643
0.001461
0.966841
0.951932
0.984222
0.004291
0.965392
0.760048
0.316626
0.081353
0.708434
0.010820
0.986757
0.486857
0.938012
0.013761
0.444067
0.008033
0.006801
0.986220
0.495037
0.139242
0.086694
0.009519
0.982121
0.923505
0.004661
0.152556
0.980037
0.982123
0.693578
0.036509
0.841127
0.975174
0.946896
0.197582
0.023121
0.984232
0.668490
0.661571
0.001178
0.169006
